0,1.978266375594669
1,1.8166860699653626
2,1.7267397403717042
3,1.6322579423586527
4,1.582743567890591
5,1.4876800378163655
6,1.4104123009575738
7,1.374020787080129
8,1.3196913109885322
9,0.01378350920147366
9,0.01617900398042467
9,0.013425440258449979
9,0.013914076487223308
9,0.014799592230055067
9,0.01470215982860989
9,0.014331355359819201
9,0.01292937331729465
9,0.012581888834635417
9,0.013677826192643907
9,0.01336511770884196
9,0.013674240642123752
9,0.0125337110625373
9,0.012959102789560953
9,0.01260968976550632
9,0.013025425540076362
9,0.013751729329427084
9,0.014805738131205242
9,0.01435951656765408
9,0.013554623391893174
9,0.012736945682101779
9,0.014289780457814535
9,0.013939951525794135
