0,0.0
1,0.0
2,0.0
3,0.0
4,0.007142857958873113
5,0.014285715917746225
6,0.0
7,0.0
8,0.0
9,0.007142857958873113
10,0.0
11,0.00952381050835053
12,0.009523810197909674
13,0.0
14,0.0
15,0.009523810197909674
16,0.0
17,0.007142857648432255
18,0.023809524873892467
19,0.004761905098954837
20,0.019047620395819347
21,0.012857143767178059
22,0.0023809525494774184
23,0.019047619464496773
24,0.03095238221188386
25,0.016666667846341927
26,0.008095238668223223
27,0.00952381050835053
28,0.007142857958873113
29,0.033333335382243
30,0.023809524873892467
31,0.0285714299728473
32,0.026190478665133316
33,0.026190478665133316
34,0.016666668467223644
35,0.02476190651456515
36,0.033333336003124714
37,0.02952381130307913
38,0.02476190651456515
39,0.0
40,0.03904762088010708
41,0.030952383453647297
42,0.019047620395819347
43,0.030476192633310955
44,0.04476190793017546
45,0.04476190730929375
46,0.04000000345210234
47,0.03666666802018881
48,0.03666666988283396
49,0.03666666895151138
50,0.03761905152350664
51,0.027142859064042568
52,0.045714288018643856
53,0.03190476447343826
54,0.0233333349848787
55,0.04476190824061632
56,0.03761904997130235
57,0.04000000345210234
58,0.01047619121770064
59,0.051904765889048576
60,0.04000000221033891
61,0.049523813650012016
62,0.03857143068065246
63,0.03523809773226579
64,0.04714286016921202
65,0.04000000314166149
66,0.04380952659994364
67,0.04952381240824858
68,0.030476192633310955
69,0.04238095507025719
70,0.04000000221033891
71,0.0461904788389802
72,0.04714286016921202
73,0.05047619342803955
74,0.03904762088010708
75,0.04809524118900299
76,0.049523813650012016
77,0.047142861100534596
78,0.0495238130291303
79,0.04000000345210234
80,0.02095238243540128
81,0.03523809680094322
82,0.04095238260924816
83,0.03523809773226579
84,0.04095238447189331
85,0.04952381240824858
86,0.04476190668841203
