0,1.7204122397634718
1,1.5920313212606643
2,1.5178887089093527
0,1.8713101905125837
1,1.740466438806974
2,1.6657954500271723
3,1.6006762087345123
4,1.5403762987026801
5,1.5071373536036565
6,1.4477348075463221
7,1.4256966274518232
8,1.3681166149102724
9,1.3492996578033154
10,1.2986430938427265
11,1.259502697449464
12,1.1946085611215005
13,1.170670380959144
14,1.1502613104306734
15,1.1143959966989665
16,1.1015851967609847
17,1.0651630140267885
18,1.0312703515474613
19,1.0416852304568658
20,1.0037751885560842
21,1.0001753465487406
22,0.9577615077678974
23,0.9763186688606555
24,0.9438961709921176
25,0.9201958580658987
26,0.8792637151021224
27,0.8653979244140478
28,0.8644938617944717
29,0.9191716038263761
30,0.8331607213387122
31,0.8658631386665198
32,0.8352550772520212
33,0.8399734325133837
34,0.8212572152797992
35,0.7585429067795093
36,0.7664807461775266
37,0.7713987070780534
38,0.7805765511897894
39,0.8833036010081952
40,0.7946255229986631
41,0.8210478883523208
42,0.753322048829152
43,0.7459550786476868
44,0.7593133747577667
45,0.7268064125226095
46,0.7072833787936431
47,0.7129830763890193
48,0.7150776099700195
49,0.6829467014624522
50,0.6866930528328969
51,0.6646435713538756
52,0.6520111417541137
53,0.6499614348778358
54,0.6560966544426404
55,0.6445378271433023
